79884
806169
10182498
12961
664993
665599
17153
17376
10329583
17710
10056387
671243
815438
10201114
10345463
10205439
26259
824379
826889
10069694
746330
10212263
28910
601923
29612
748427
30081
1000001523
1000002020
1000002371
1000002984
1000002989
10075831
1000003111
1000003445
32494
751612
33263
1000005670
1000005755
1000007181
1000007812
1000008146
34621
1000008722
10223471
1000008845
10223680
1000009521
1000009621
1000010681
1000011225
1000012961
1000014142
1000014781
1000015568
1000015583
1000016345
756204
10230079
10086042
1000084983
10238469
10091722
42691
42882
109983
1000089686
1000090370
1000090625
10096857
1000092950
46468
1000094452
627730
699657
1000100948
1000101141
1000102442
1000105594
10256368
1000106848
1000108701
1000108941
10044221
10378386
800100
10375931
659245
10372407
10371886
10170504
10366441
10302570
213887
10300651
213163
654350
10162292
10162290
135858
1000336384
1000335063
1000332881
1000329401
1000294754
1000282404
1000280701
1000208883
1000195451
1000168224
1000147303
1000125569
1000121844
1000121761
1000118182
1000116702
1000110084
1000104643
1000102631
1000102602
1000101918
1000101893
1000101662
1000097462
1000090823
1000089904
1000086749
1000086442
1000086342
1000086237
1000085162
1000085082
1000084001
1000083421
1000083283
1000081881
1000081681
1000081185
1000079866
1000079284
1000078145
1000075344
1000009661
1000005554
1000004668
1000003570
1000003219
1000003218
1000002270
1000001351
1000000715
1000000158
10314911
10287665
10273932
10256700
102936
81079
70932
24299
43023
46438
10317240
808397
10059709
10339186
23130
1000000492
1000000921
1000001389
1000001638
1000001782
1000004549
10221859
166535
1000010181
686038
1000015463
1000062142
10084395
845359
1000076462
1000078242
1000080006
1000083766
10090587
1000085868
1000086162
1000087330
109386
763231
1000088805
763688
10243705
1000092208
1000092586
765827
1000094028
1000095543
697724
1000097079
1000098706
1000101263
700393
628903
631415
1000110642
145384
582335
10382832
143294
10376062
215959
793876
10296499
721420
10158629
10295377
1000351961
1000351887
650679
1000347842
1000346966
206777
1000334325
10139949
889623
714533
10138996
889078
10138259
129134
10135928
643081
10279199
126228
1000271670
1000100295
1000100946
147178
658701
168198
1000087025
1000002403
828144
1000001971
1000091266
1000074984
10066809
139348
685567
1000002833
1000094461
10318516
752168
10370306
47925
672952
825482
1000072303
10075479
1000040105
1000001507
10213158
1000092534
1000111501
1000102384
604793
10230419
668604
1000091870
1000004082
1000004381
14391
10071115
1000014286
10296033
